tooth_2 0.6836972832679749 7 0 611 413
tooth_3 0.7613916397094727 506 6 1143 463
tooth_4 0.8426561951637268 1135 0 1544 422
tooth_5 0.7274622917175293 1508 3 1910 347
tooth_32 0.41993609070777893 2 350 271 930
tooth_31 0.6661593317985535 3 347 272 931
tooth_30 0.5803612470626831 24 480 808 1430
tooth_29 0.7597494721412659 797 605 1137 1050
tooth_28 0.42289096117019653 1135 614 1540 1431
tooth_27 0.39497944712638855 1137 611 1548 1418
tooth_26 0.6203795075416565 1544 532 1910 1433
tooth_25 0.3675656318664551 1545 521 1906 1444
