tooth_8 0.6007943749427795 0 5 174 303
tooth_9 0.7424453496932983 105 1 403 417
tooth_10 0.6134824156761169 361 5 577 431
tooth_11 0.7915368676185608 534 61 656 500
tooth_12 0.3867914080619812 612 242 656 431
tooth_25 0.4660618305206299 1 488 57 750
tooth_24 0.5968307852745056 52 494 236 834
tooth_23 0.6376670598983765 139 493 352 838
tooth_22 0.7751793265342712 269 514 490 844
tooth_21 0.3340436816215515 419 591 510 841
tooth_20 0.4691682457923889 511 571 645 835
tooth_19 0.3246607482433319 601 580 653 757
