tooth_1 0.35465434193611145 1 15 58 182
tooth_2 0.6853193044662476 2 16 58 180
tooth_3 0.3992398679256439 2 18 61 179
tooth_4 0.37045344710350037 2 18 61 179
tooth_31 0.6963435411453247 2 192 121 327
tooth_5 0.44482535123825073 55 0 183 194
tooth_30 0.903994619846344 106 214 261 328
tooth_29 0.9106766581535339 256 204 357 330
tooth_28 0.9411270618438721 354 199 455 330
tooth_6 0.49735426902770996 361 0 462 166
tooth_7 0.6928942799568176 362 0 461 164
tooth_27 0.38860225677490234 457 214 468 285
