tooth_29 0.38687145709991455 0 581 175 841
tooth_5 0.5661098957061768 1 84 86 328
tooth_28 0.4770651161670685 2 581 172 839
tooth_27 0.6497313976287842 4 579 188 837
tooth_6 0.5085160732269287 66 6 337 307
tooth_7 0.36855849623680115 67 3 342 305
tooth_8 0.6840662956237793 68 2 341 305
tooth_26 0.589636504650116 70 561 316 843
tooth_25 0.6038365960121155 191 470 434 841
tooth_9 0.5122409462928772 283 3 573 217
tooth_24 0.613755464553833 353 434 541 840
tooth_23 0.5110769271850586 493 380 651 797
